10102001
  -CPSS-  Generated
oxygen
  2  1
   -3.3200   -0.1800    0.0000 O   0  0  0  0  0  0  0  0  0  0  0  0  0  0  0  0
   -1.3300    1.1500    0.0000 O   0  0  0  0  0  0  0  0  0  0  0  0  0  0  0  0
  2  1  2  0  0  0  0  0  0  0  0
$$$$
10001000
  -CPSS-  Generated
oxygen-atom
  1  0
   -3.3200   -0.1800    0.0000 O   0  0  0  0  0  0  0  0  0  0  0  0  0  0  0  0
$$$$
20001000
  -CPSS-  Generated
hydrogen-radical
  1  0
   -3.3200   -0.1800    0.0000 H   0  4  0  0  0  0  0  0  0  0  0  0  0  0  0  0
$$$$
20102000
  -CPSS-  Generated
hydroxyl-radical
  2  1
   -3.3200   -0.1800    0.0000 O   0  4  0  0  0  0  0  0  0  0  0  0  0  0  0  0
   -1.3300    1.1500    0.0000 H   0  0  0  0  0  0  0  0  0  0  0  0  0  0  0  0
  2  1  1  0  0  0  0  0  0  0  0
$$$$
20203000
  -CPSS-  Generated
peroxyl-radical
  3  2
   -1.7600    1.1000    0.0000 O   0  0  0  0  0  0  0  0  0  0  0  0  0  0  0  0
   -3.4400   -0.1300    0.0000 H   0  0  0  0  0  0  0  0  0  0  0  0  0  0  0  0
    0.1800    0.2300    0.0000 O   0  4  0  0  0  0  0  0  0  0  0  0  0  0  0  0
  2  1  1  0  0  0  0  0  0  0  0
  3  1  1  0  0  0  0  0  0  0  0
$$$$
10102000
  -CPSS-  Generated
hydrogen
  2  1
   -3.3200   -0.1800    0.0000 H   0  0  0  0  0  0  0  0  0  0  0  0  0  0  0  0
   -1.3300    1.1500    0.0000 H   0  0  0  0  0  0  0  0  0  0  0  0  0  0  0  0
  2  1  1  0  0  0  0  0  0  0  0
$$$$
10102000
  -CPSS-  Generated
hydrogen
  2  1
   -3.3200   -0.1800    0.0000 H   0  0  0  0  0  0  0  0  0  0  0  0  0  0  0  0
   -1.3300    1.1500    0.0000 H   0  0  0  0  0  0  0  0  0  0  0  0  0  0  0  0
  2  1  1  0  0  0  0  0  0  0  0
$$$$
